% Produced with Bruzo's Transcoding Environment
% Transcribed by  : Bruzo

X:1
T:  Sirenia - The end of it all part 1/7 [horn] 4:22
Z: Transcribed with BruTE
L: 1/4
Q: 125
K: C
+ppp+
+fff+
[^C,13003/29200^C13003/29200^G13003/29200^c13003/29200]
+mp+
[^C,6501/14600^C6501/14600^G6501/14600^c6501/14600]
[=E2783/5840=B2783/5840=e2783/5840]
[=E13003/29200=B13003/29200=e13003/29200]
[^C,6501/14600^C6501/14600^G6501/14600^c6501/14600]
[^C,13003/29200^C13003/29200^G13003/29200^c13003/29200]
[^C2783/5840^G2783/5840^c2783/5840]
[=B,6501/14600^F6501/14600=B6501/14600]
+mf+
[^C,13003/29200^C13003/29200^G13003/29200^c13003/29200]
+mp+
[^C,6501/14600^C6501/14600^G6501/14600^c6501/14600]
[=E2783/5840=B2783/5840=e2783/5840]
[=E13003/29200=B13003/29200=e13003/29200]
[^F,6501/14600^F6501/14600^c6501/14600^f6501/14600]
[=G,13003/29200=G13003/29200=d13003/29200=g13003/29200]
[^G,2783/5840^G2783/5840^d2783/5840^g2783/5840]
[=B,6501/14600^F6501/14600=B6501/14600]
+mf+
[^C,13003/29200^C13003/29200^G13003/29200^c13003/29200]
+mp+
[^C,6501/14600^C6501/14600^G6501/14600^c6501/14600]
[=E2783/5840=B2783/5840=e2783/5840]
[=E13003/29200=B13003/29200=e13003/29200]
[^C,6501/14600^C6501/14600^G6501/14600^c6501/14600]
[^C,13003/29200^C13003/29200^G13003/29200^c13003/29200]
[^C2783/5840^G2783/5840^c2783/5840]
+pp+
[=B,6501/14600^F6501/14600=B6501/14600]
+mp+
[=B,5201/5840^F5201/5840=B5201/5840]
[=B,13459/14600^F13459/14600=B13459/14600]
[^F,6501/14600^F6501/14600^c6501/14600^f6501/14600]
[=E,499/365=E499/365=B499/365=e499/365]
+mf+
[^C,13003/29200^C13003/29200^G13003/29200^c13003/29200]
+mp+
[^C,6501/14600^C6501/14600^G6501/14600^c6501/14600]
[=E2783/5840=B2783/5840=e2783/5840]
[=E13003/29200=B13003/29200=e13003/29200]
[^C,6501/14600^C6501/14600^G6501/14600^c6501/14600]
[^C,13003/29200^C13003/29200^G13003/29200^c13003/29200]
[^C2783/5840^G2783/5840^c2783/5840]
[=B,6501/14600^F6501/14600=B6501/14600]
+mf+
[^C,13003/29200^C13003/29200^G13003/29200^c13003/29200]
+mp+
[^C,6501/14600^C6501/14600^G6501/14600^c6501/14600]
[=E2783/5840=B2783/5840=e2783/5840]
[=E13003/29200=B13003/29200=e13003/29200]
[^F,6501/14600^F6501/14600^c6501/14600^f6501/14600]
[=G,13003/29200=G13003/29200=d13003/29200=g13003/29200]
[^G,2783/5840^G2783/5840^d2783/5840^g2783/5840]
[=B,6501/14600^F6501/14600=B6501/14600]
+mf+
[^C,13003/29200^C13003/29200^G13003/29200^c13003/29200]
+mp+
[^C,6501/14600^C6501/14600^G6501/14600^c6501/14600]
[=E2783/5840=B2783/5840=e2783/5840]
[=E13003/29200=B13003/29200=e13003/29200]
[^C,6501/14600^C6501/14600^G6501/14600^c6501/14600]
[^C,13003/29200^C13003/29200^G13003/29200^c13003/29200]
[^C2783/5840^G2783/5840^c2783/5840]
+pp+
[=B,6501/14600^F6501/14600=B6501/14600]
+mp+
[=B,5201/5840^F5201/5840=B5201/5840]
[=B,13459/14600^F13459/14600=B13459/14600]
[^F,6501/14600^F6501/14600^c6501/14600^f6501/14600]
[=E,999/730=E999/730=B999/730=e999/730]
z21161/5840
+mf+
[^C,13003/29200^C13003/29200^G13003/29200^c13003/29200]
+mp+
[^C,6501/14600^C6501/14600^G6501/14600^c6501/14600]
[=E2783/5840=B2783/5840=e2783/5840]
[=E13003/29200=B13003/29200=e13003/29200]
[^C,6501/14600^C6501/14600^G6501/14600^c6501/14600]
[^C,13003/29200^C13003/29200^G13003/29200^c13003/29200]
[^C2783/5840^G2783/5840^c2783/5840]
[=B,6501/14600^F6501/14600=B6501/14600]
+mf+
[^C,13003/29200^C13003/29200^G13003/29200^c13003/29200]
+mp+
[^C,6501/14600^C6501/14600^G6501/14600^c6501/14600]
[=E2783/5840=B2783/5840=e2783/5840]
[=E13003/29200=B13003/29200=e13003/29200]
[^F,6501/14600^F6501/14600^c6501/14600^f6501/14600]
[=G,13003/29200=G13003/29200=d13003/29200=g13003/29200]
[^G,2783/5840^G2783/5840^d2783/5840^g2783/5840]
[=B,6501/14600^F6501/14600=B6501/14600]
+mf+
[^C,13003/29200^C13003/29200^G13003/29200^c13003/29200]
+mp+
[^C,6501/14600^C6501/14600^G6501/14600^c6501/14600]
[=E2783/5840=B2783/5840=e2783/5840]
[=E13003/29200=B13003/29200=e13003/29200]
[^C,6501/14600^C6501/14600^G6501/14600^c6501/14600]
[^C,13003/29200^C13003/29200^G13003/29200^c13003/29200]
[^C2783/5840^G2783/5840^c2783/5840]
+pp+
[=B,6501/14600^F6501/14600=B6501/14600]
+mp+
[=B,5201/5840^F5201/5840=B5201/5840]
[=B,13459/14600^F13459/14600=B13459/14600]
[^F,6501/14600^F6501/14600^c6501/14600^f6501/14600]
[=E,13459/14600=E13459/14600=B13459/14600=e13459/14600]
[=B,6501/14600^F6501/14600=B6501/14600]
+mf+
[^C,13003/29200^C13003/29200^G13003/29200^c13003/29200]
+mp+
[^C,6501/14600^C6501/14600^G6501/14600^c6501/14600]
[=E2783/5840=B2783/5840=e2783/5840]
[=E13003/29200=B13003/29200=e13003/29200]
[^C,6501/14600^C6501/14600^G6501/14600^c6501/14600]
[^C,13003/29200^C13003/29200^G13003/29200^c13003/29200]
[^C2783/5840^G2783/5840^c2783/5840]
[=B,6501/14600^F6501/14600=B6501/14600]
+mf+
[^C,13003/29200^C13003/29200^G13003/29200^c13003/29200]
+mp+
[^C,6501/14600^C6501/14600^G6501/14600^c6501/14600]
[=E2783/5840=B2783/5840=e2783/5840]
[=E13003/29200=B13003/29200=e13003/29200]
[^F,6501/14600^F6501/14600^c6501/14600^f6501/14600]
[=G,13003/29200=G13003/29200=d13003/29200=g13003/29200]
[^G,2783/5840^G2783/5840^d2783/5840^g2783/5840]
[=B,6501/14600^F6501/14600=B6501/14600]
+mf+
[^C,13003/29200^C13003/29200^G13003/29200^c13003/29200]
+mp+
[^C,6501/14600^C6501/14600^G6501/14600^c6501/14600]
[=E2783/5840=B2783/5840=e2783/5840]
[=E13003/29200=B13003/29200=e13003/29200]
[^C,6501/14600^C6501/14600^G6501/14600^c6501/14600]
[^C,13003/29200^C13003/29200^G13003/29200^c13003/29200]
[^C2783/5840^G2783/5840^c2783/5840]
+pp+
[=B,6501/14600^F6501/14600=B6501/14600]
+mp+
[=B,5201/5840^F5201/5840=B5201/5840]
[=B,13459/14600^F13459/14600=B13459/14600]
[^F,6501/14600^F6501/14600^c6501/14600^f6501/14600]
[=E,13459/14600=E13459/14600=B13459/14600=e13459/14600]
[=B,6501/14600^F6501/14600=B6501/14600]
+mf+
[^C,13003/29200^C13003/29200^G13003/29200^c13003/29200]
+pp+
[^C,6501/14600^C6501/14600^G6501/14600^c6501/14600]
[^C,2783/5840^C2783/5840^G2783/5840^c2783/5840]
[^C,13003/29200^C13003/29200^G13003/29200^c13003/29200]
+mp+
[^C,6501/14600^C6501/14600^G6501/14600^c6501/14600]
+pp+
[^C,13003/29200^C13003/29200^G13003/29200^c13003/29200]
[^C,2783/5840^C2783/5840^G2783/5840^c2783/5840]
[^C,6501/14600^C6501/14600^G6501/14600^c6501/14600]
[^C,2573/5840^C2573/5840^G2573/5840^c2573/5840]
z9/20
[^C,39/80^C39/80^G39/80^c39/80]
z12683/29200
+mp+
[^F,6501/14600^F6501/14600^c6501/14600^f6501/14600]
[=E,13459/14600=E13459/14600=B13459/14600=e13459/14600]
+pp+
[=B,6501/14600^F6501/14600=B6501/14600]
+mf+
[^C,13003/29200^C13003/29200^G13003/29200^c13003/29200]
+pp+
[^C,6501/14600^C6501/14600^G6501/14600^c6501/14600]
[^C,2783/5840^C2783/5840^G2783/5840^c2783/5840]
[^C,13003/29200^C13003/29200^G13003/29200^c13003/29200]
+mp+
[^C,6501/14600^C6501/14600^G6501/14600^c6501/14600]
+pp+
[^C,13003/29200^C13003/29200^G13003/29200^c13003/29200]
[^C,2783/5840^C2783/5840^G2783/5840^c2783/5840]
[^C,6501/14600^C6501/14600^G6501/14600^c6501/14600]
+mp+
[=B,515/1168=E515/1168=B515/1168]
z1313/2920
[=B,2849/5840=E2849/5840=B2849/5840]
z12673/29200
[=D,6501/14600=D6501/14600=A6501/14600=d6501/14600]
[=E,13459/14600=E13459/14600=B13459/14600=e13459/14600]
+pp+
[=B,6501/14600^F6501/14600=B6501/14600]
+mf+
[^C,13003/29200^C13003/29200^G13003/29200^c13003/29200]
+pp+
[^C,6501/14600^C6501/14600^G6501/14600^c6501/14600]
[^C,2783/5840^C2783/5840^G2783/5840^c2783/5840]
[^C,13003/29200^C13003/29200^G13003/29200^c13003/29200]
+mp+
[^C,6501/14600^C6501/14600^G6501/14600^c6501/14600]
+pp+
[^C,13003/29200^C13003/29200^G13003/29200^c13003/29200]
[^C,2783/5840^C2783/5840^G2783/5840^c2783/5840]
[^C,6501/14600^C6501/14600^G6501/14600^c6501/14600]
+mp+
[^C,2577/5840^C2577/5840^G2577/5840^c2577/5840]
z164/365
[^C,2851/5840^C2851/5840^G2851/5840^c2851/5840]
z12663/29200
[^F,6501/14600^F6501/14600^c6501/14600^f6501/14600]
[=E,13459/14600=E13459/14600=B13459/14600=e13459/14600]
+pp+
[=B,6501/14600^F6501/14600=B6501/14600]
+mf+
[^C,13003/29200^C13003/29200^G13003/29200^c13003/29200]
+pp+
[^C,6501/14600^C6501/14600^G6501/14600^c6501/14600]
[^C,2783/5840^C2783/5840^G2783/5840^c2783/5840]
[^C,13003/29200^C13003/29200^G13003/29200^c13003/29200]
+mp+
[^C,6501/14600^C6501/14600^G6501/14600^c6501/14600]
+pp+
[^C,13003/29200^C13003/29200^G13003/29200^c13003/29200]
[^C,2783/5840^C2783/5840^G2783/5840^c2783/5840]
[^C,6501/14600^C6501/14600^G6501/14600^c6501/14600]
+mp+
[=B,2579/5840=E2579/5840=B2579/5840]
z1311/2920
[=B,2853/5840=E2853/5840=B2853/5840]
z12653/29200
[=D,6501/14600=D6501/14600=A6501/14600=d6501/14600]
[=E,13459/14600=E13459/14600=B13459/14600=e13459/14600]
+pp+
[=B,6501/14600^F6501/14600=B6501/14600]
+mf+
[^C,13003/29200^C13003/29200^G13003/29200^c13003/29200]
+pp+
[^C,6501/14600^C6501/14600^G6501/14600^c6501/14600]
[^C,2783/5840^C2783/5840^G2783/5840^c2783/5840]
[^C,13003/29200^C13003/29200^G13003/29200^c13003/29200]
+mp+
[^C,6501/14600^C6501/14600^G6501/14600^c6501/14600]
+pp+
[^C,13003/29200^C13003/29200^G13003/29200^c13003/29200]
[^C,2783/5840^C2783/5840^G2783/5840^c2783/5840]
[^C,6501/14600^C6501/14600^G6501/14600^c6501/14600]
+mp+
[^C,2581/5840^C2581/5840^G2581/5840^c2581/5840]
z131/292
[^C,571/1168^C571/1168^G571/1168^c571/1168]
z12643/29200
[^F,6501/14600^F6501/14600^c6501/14600^f6501/14600]
[=E,13459/14600=E13459/14600=B13459/14600=e13459/14600]
+pp+
[=B,6501/14600^F6501/14600=B6501/14600]
+mf+
[^C,13003/29200^C13003/29200^G13003/29200^c13003/29200]
+pp+
[^C,6501/14600^C6501/14600^G6501/14600^c6501/14600]
[^C,2783/5840^C2783/5840^G2783/5840^c2783/5840]
[^C,13003/29200^C13003/29200^G13003/29200^c13003/29200]
+mp+
[^C,6501/14600^C6501/14600^G6501/14600^c6501/14600]
+pp+
[^C,13003/29200^C13003/29200^G13003/29200^c13003/29200]
[^C,2783/5840^C2783/5840^G2783/5840^c2783/5840]
[^C,6501/14600^C6501/14600^G6501/14600^c6501/14600]
+mp+
[=B,2583/5840=E2583/5840=B2583/5840]
z1309/2920
[=B,2857/5840=E2857/5840=B2857/5840]
z12633/29200
[=D,6501/14600=D6501/14600=A6501/14600=d6501/14600]
[=E,13459/14600=E13459/14600=B13459/14600=e13459/14600]
+pp+
[=B,6501/14600^F6501/14600=B6501/14600]
+mf+
[^C,13003/29200^C13003/29200^G13003/29200^c13003/29200]
+pp+
[^C,6501/14600^C6501/14600^G6501/14600^c6501/14600]
[^C,2783/5840^C2783/5840^G2783/5840^c2783/5840]
[^C,13003/29200^C13003/29200^G13003/29200^c13003/29200]
+mp+
[^C,6501/14600^C6501/14600^G6501/14600^c6501/14600]
+pp+
[^C,13003/29200^C13003/29200^G13003/29200^c13003/29200]
[^C,2783/5840^C2783/5840^G2783/5840^c2783/5840]
[^C,6501/14600^C6501/14600^G6501/14600^c6501/14600]
+mp+
[^C,517/1168^C517/1168^G517/1168^c517/1168]
z327/730
[^C,2859/5840^C2859/5840^G2859/5840^c2859/5840]
z12623/29200
[^F,6501/14600^F6501/14600^c6501/14600^f6501/14600]
[=E,13459/14600=E13459/14600=B13459/14600=e13459/14600]
+pp+
[=B,6501/14600^F6501/14600=B6501/14600]
+mf+
[^C,13003/29200^C13003/29200^G13003/29200^c13003/29200]
+pp+
[^C,6501/14600^C6501/14600^G6501/14600^c6501/14600]
[^C,2783/5840^C2783/5840^G2783/5840^c2783/5840]
[^C,13003/29200^C13003/29200^G13003/29200^c13003/29200]
+mp+
[^C,6501/14600^C6501/14600^G6501/14600^c6501/14600]
+pp+
[^C,13003/29200^C13003/29200^G13003/29200^c13003/29200]
[^C,2783/5840^C2783/5840^G2783/5840^c2783/5840]
[^C,6501/14600^C6501/14600^G6501/14600^c6501/14600]
+mp+
[=B,2587/5840=E2587/5840=B2587/5840]
z1307/2920
[=B,2861/5840=E2861/5840=B2861/5840]
z12613/29200
[=D,6501/14600=D6501/14600=A6501/14600=d6501/14600]
[=E,13459/14600=E13459/14600=B13459/14600=e13459/14600]
+pp+
[=B,6501/14600^F6501/14600=B6501/14600]
+mp+
[^C,42373/5840^G,42373/5840^C42373/5840]
z2583/2920
+pp+
[^F13459/14600^c13459/14600^f13459/14600]
[^F5201/5840^c5201/5840^f5201/5840]
[^F26917/29200^c26917/29200^f26917/29200]
[^F11/8-^c11/8^f11/8]
[^F13139/5840^c13139/5840]
[^G5201/5840=e5201/5840^g5201/5840]
[^F13459/14600^c13459/14600^f13459/14600]
[^F5201/5840^c5201/5840^f5201/5840]
[=E26917/29200=B26917/29200=e26917/29200]
[^F4933/1825-^c4933/1825-^f4933/1825]
[^F14147/29200-^c14147/29200-^f14147/29200]
[^F1277/2920^c1277/2920^g1277/2920]
+mp+
[=A5201/5840=d5201/5840=a5201/5840]
+pp+
[^G2783/5840=d2783/5840^g2783/5840]
[^F5201/5840^c5201/5840^f5201/5840]
[^G13003/29200=d13003/29200^g13003/29200]
[^G499/365=d499/365^g499/365]
[^F2637/1168^c2637/1168^f2637/1168]
[^G2783/5840=d2783/5840^g2783/5840]
[=A6501/14600=e6501/14600=a6501/14600]
[=A5201/5840=e5201/5840=a5201/5840]
[^G2783/5840^d2783/5840^g2783/5840]
[^F5201/5840^c5201/5840^f5201/5840]
[^G13003/29200^d13003/29200^g13003/29200]
[=F499/365^c499/365=f499/365]
[^F499/365^c499/365^f499/365]
[^G53137/29200^c53137/29200^g53137/29200]
z2579/2920
[^F13459/14600^c13459/14600^f13459/14600]
[^F5201/5840^c5201/5840^f5201/5840]
[^F26917/29200^c26917/29200^f26917/29200]
[^F11/8-^c11/8^f11/8]
[^F13139/5840^c13139/5840]
[^G5201/5840=e5201/5840^g5201/5840]
[^F13459/14600^c13459/14600^f13459/14600]
[^F5201/5840^c5201/5840^f5201/5840]
[=E26917/29200=B26917/29200=e26917/29200]
[^F4933/1825-^c4933/1825-^f4933/1825]
[^F6161/14600-^c6161/14600-^f6161/14600]
[^F2919/5840^c2919/5840^g2919/5840]
+mp+
[=A5201/5840=d5201/5840=a5201/5840]
+pp+
[^G13003/29200=d13003/29200^g13003/29200]
[^F26917/29200^c26917/29200^f26917/29200]
[^G13003/29200=d13003/29200^g13003/29200]
[^G499/365=d499/365^g499/365]
[^F2637/1168^c2637/1168^f2637/1168]
[^G6501/14600=d6501/14600^g6501/14600]
[=A2783/5840=e2783/5840=a2783/5840]
[=A5201/5840=e5201/5840=a5201/5840]
[^G13003/29200^d13003/29200^g13003/29200]
[^F26917/29200^c26917/29200^f26917/29200]
[^G13003/29200^d13003/29200^g13003/29200]
[=F499/365^c499/365=f499/365]
[^F499/365^c499/365^f499/365]
[^G26461/14600^c26461/14600^g26461/14600]
+mf+
[^C,13003/29200^C13003/29200^G13003/29200^c13003/29200]
+mp+
[^C,6501/14600^C6501/14600^G6501/14600^c6501/14600]
[=E13003/29200=B13003/29200=e13003/29200]
[=E2783/5840=B2783/5840=e2783/5840]
[^C,6501/14600^C6501/14600^G6501/14600^c6501/14600]
[^C,13003/29200^C13003/29200^G13003/29200^c13003/29200]
[^C6501/14600^G6501/14600^c6501/14600]
[=B,2783/5840^F2783/5840=B2783/5840]
+mf+
[^C,13003/29200^C13003/29200^G13003/29200^c13003/29200]
+mp+
[^C,6501/14600^C6501/14600^G6501/14600^c6501/14600]
[=E13003/29200=B13003/29200=e13003/29200]
[=E2783/5840=B2783/5840=e2783/5840]
[^F,6501/14600^F6501/14600^c6501/14600^f6501/14600]
[=G,13003/29200=G13003/29200=d13003/29200=g13003/29200]
[^G,6501/14600^G6501/14600^d6501/14600^g6501/14600]
[=B,2783/5840^F2783/5840=B2783/5840]
+mf+
[^C,13003/29200^C13003/29200^G13003/29200^c13003/29200]
+mp+
[^C,6501/14600^C6501/14600^G6501/14600^c6501/14600]
[=E13003/29200=B13003/29200=e13003/29200]
[=E2783/5840=B2783/5840=e2783/5840]
[^C,6501/14600^C6501/14600^G6501/14600^c6501/14600]
[^C,13003/29200^C13003/29200^G13003/29200^c13003/29200]
[^C6501/14600^G6501/14600^c6501/14600]
+pp+
[=B,2783/5840^F2783/5840=B2783/5840]
+mp+
[=B,5201/5840^F5201/5840=B5201/5840]
[=B,13459/14600^F13459/14600=B13459/14600]
[^F,6501/14600^F6501/14600^c6501/14600^f6501/14600]
[=E,5201/5840=E5201/5840=B5201/5840=e5201/5840]
[=B,2783/5840^F2783/5840=B2783/5840]
+mf+
[^C,13003/29200^C13003/29200^G13003/29200^c13003/29200]
+mp+
[^C,6501/14600^C6501/14600^G6501/14600^c6501/14600]
[=E13003/29200=B13003/29200=e13003/29200]
[=E2783/5840=B2783/5840=e2783/5840]
[^C,6501/14600^C6501/14600^G6501/14600^c6501/14600]
[^C,13003/29200^C13003/29200^G13003/29200^c13003/29200]
[^C6501/14600^G6501/14600^c6501/14600]
[=B,2783/5840^F2783/5840=B2783/5840]
+mf+
[^C,13003/29200^C13003/29200^G13003/29200^c13003/29200]
+mp+
[^C,6501/14600^C6501/14600^G6501/14600^c6501/14600]
[=E13003/29200=B13003/29200=e13003/29200]
[=E2783/5840=B2783/5840=e2783/5840]
[^F,6501/14600^F6501/14600^c6501/14600^f6501/14600]
[=G,13003/29200=G13003/29200=d13003/29200=g13003/29200]
[^G,6501/14600^G6501/14600^d6501/14600^g6501/14600]
[=B,2783/5840^F2783/5840=B2783/5840]
+mf+
[^C,13003/29200^C13003/29200^G13003/29200^c13003/29200]
+mp+
[^C,6501/14600^C6501/14600^G6501/14600^c6501/14600]
[=E13003/29200=B13003/29200=e13003/29200]
[=E2783/5840=B2783/5840=e2783/5840]
[^C,6501/14600^C6501/14600^G6501/14600^c6501/14600]
[^C,13003/29200^C13003/29200^G13003/29200^c13003/29200]
[^C6501/14600^G6501/14600^c6501/14600]
+pp+
[=B,2783/5840^F2783/5840=B2783/5840]
+mp+
[=B,5201/5840^F5201/5840=B5201/5840]
[=B,13459/14600^F13459/14600=B13459/14600]
[^F,6501/14600^F6501/14600^c6501/14600^f6501/14600]
[=E,5201/5840=E5201/5840=B5201/5840=e5201/5840]
[=B,2783/5840^F2783/5840=B2783/5840]
+mf+
[^C,13003/29200^C13003/29200^G13003/29200^c13003/29200]
+mp+
[^C,6501/14600^C6501/14600^G6501/14600^c6501/14600]
[=E13003/29200=B13003/29200=e13003/29200]
[=E2783/5840=B2783/5840=e2783/5840]
[^C,6501/14600^C6501/14600^G6501/14600^c6501/14600]
[^C,13003/29200^C13003/29200^G13003/29200^c13003/29200]
[^C6501/14600^G6501/14600^c6501/14600]
[=B,2783/5840^F2783/5840=B2783/5840]
+mf+
[^C,13003/29200^C13003/29200^G13003/29200^c13003/29200]
+mp+
[^C,6501/14600^C6501/14600^G6501/14600^c6501/14600]
[=E13003/29200=B13003/29200=e13003/29200]
[=E2783/5840=B2783/5840=e2783/5840]
[^F,6501/14600^F6501/14600^c6501/14600^f6501/14600]
[=G,13003/29200=G13003/29200=d13003/29200=g13003/29200]
[^G,6501/14600^G6501/14600^d6501/14600^g6501/14600]
[=B,2783/5840^F2783/5840=B2783/5840]
+mf+
[^C,13003/29200^C13003/29200^G13003/29200^c13003/29200]
+mp+
[^C,6501/14600^C6501/14600^G6501/14600^c6501/14600]
[=E13003/29200=B13003/29200=e13003/29200]
[=E2783/5840=B2783/5840=e2783/5840]
[^C,6501/14600^C6501/14600^G6501/14600^c6501/14600]
[^C,13003/29200^C13003/29200^G13003/29200^c13003/29200]
[^C6501/14600^G6501/14600^c6501/14600]
+pp+
[=B,2783/5840^F2783/5840=B2783/5840]
+mp+
[=B,5201/5840^F5201/5840=B5201/5840]
[=B,13459/14600^F13459/14600=B13459/14600]
[^F,6501/14600^F6501/14600^c6501/14600^f6501/14600]
[=E,5201/5840=E5201/5840=B5201/5840=e5201/5840]
[=B,2783/5840^F2783/5840=B2783/5840]
+mf+
[^C,13003/29200^C13003/29200^G13003/29200^c13003/29200]
+pp+
[^C,6501/14600^C6501/14600^G6501/14600^c6501/14600]
[^C,13003/29200^C13003/29200^G13003/29200^c13003/29200]
[^C,2783/5840^C2783/5840^G2783/5840^c2783/5840]
+mp+
[^C,6501/14600^C6501/14600^G6501/14600^c6501/14600]
+pp+
[^C,13003/29200^C13003/29200^G13003/29200^c13003/29200]
[^C,6501/14600^C6501/14600^G6501/14600^c6501/14600]
[^C,2783/5840^C2783/5840^G2783/5840^c2783/5840]
[^C,2619/5840^C2619/5840^G2619/5840^c2619/5840]
z1291/2920
[^C,158/365^C158/365^G158/365^c158/365]
z7139/14600
+mp+
[^F,6501/14600^F6501/14600^c6501/14600^f6501/14600]
[=E,5201/5840=E5201/5840=B5201/5840=e5201/5840]
+pp+
[=B,2783/5840^F2783/5840=B2783/5840]
+mf+
[^C,13003/29200^C13003/29200^G13003/29200^c13003/29200]
+pp+
[^C,6501/14600^C6501/14600^G6501/14600^c6501/14600]
[^C,13003/29200^C13003/29200^G13003/29200^c13003/29200]
[^C,2783/5840^C2783/5840^G2783/5840^c2783/5840]
+mp+
[^C,6501/14600^C6501/14600^G6501/14600^c6501/14600]
+pp+
[^C,13003/29200^C13003/29200^G13003/29200^c13003/29200]
[^C,6501/14600^C6501/14600^G6501/14600^c6501/14600]
[^C,2783/5840^C2783/5840^G2783/5840^c2783/5840]
+mp+
[=B,2621/5840=E2621/5840=B2621/5840]
z129/292
[=B,253/584=E253/584=B253/584]
z3567/7300
[=D,6501/14600=D6501/14600=A6501/14600=d6501/14600]
[=E,5201/5840=E5201/5840=B5201/5840=e5201/5840]
+pp+
[=B,2783/5840^F2783/5840=B2783/5840]
+mf+
[^C,13003/29200^C13003/29200^G13003/29200^c13003/29200]
+pp+
[^C,6501/14600^C6501/14600^G6501/14600^c6501/14600]
[^C,13003/29200^C13003/29200^G13003/29200^c13003/29200]
[^C,2783/5840^C2783/5840^G2783/5840^c2783/5840]
+mp+
[^C,6501/14600^C6501/14600^G6501/14600^c6501/14600]
+pp+
[^C,13003/29200^C13003/29200^G13003/29200^c13003/29200]
[^C,6501/14600^C6501/14600^G6501/14600^c6501/14600]
[^C,2783/5840^C2783/5840^G2783/5840^c2783/5840]
+mp+
[^C,2623/5840^C2623/5840^G2623/5840^c2623/5840]
z1289/2920
[^C,633/1460^C633/1460^G633/1460^c633/1460]
z7129/14600
[^F,6501/14600^F6501/14600^c6501/14600^f6501/14600]
[=E,5201/5840=E5201/5840=B5201/5840=e5201/5840]
+pp+
[=B,2783/5840^F2783/5840=B2783/5840]
+mf+
[^C,13003/29200^C13003/29200^G13003/29200^c13003/29200]
+pp+
[^C,6501/14600^C6501/14600^G6501/14600^c6501/14600]
[^C,13003/29200^C13003/29200^G13003/29200^c13003/29200]
[^C,2783/5840^C2783/5840^G2783/5840^c2783/5840]
+mp+
[^C,6501/14600^C6501/14600^G6501/14600^c6501/14600]
+pp+
[^C,13003/29200^C13003/29200^G13003/29200^c13003/29200]
[^C,6501/14600^C6501/14600^G6501/14600^c6501/14600]
[^C,2783/5840^C2783/5840^G2783/5840^c2783/5840]
+mp+
[=B,525/1168=E525/1168=B525/1168]
z161/365
[=B,1267/2920=E1267/2920=B1267/2920]
z1781/3650
[=D,6501/14600=D6501/14600=A6501/14600=d6501/14600]
[=E,5201/5840=E5201/5840=B5201/5840=e5201/5840]
+pp+
[=B,2783/5840^F2783/5840=B2783/5840]
+mf+
[^C,13003/29200^C13003/29200^G13003/29200^c13003/29200]
+pp+
[^C,6501/14600^C6501/14600^G6501/14600^c6501/14600]
[^C,13003/29200^C13003/29200^G13003/29200^c13003/29200]
[^C,2783/5840^C2783/5840^G2783/5840^c2783/5840]
+mp+
[^C,6501/14600^C6501/14600^G6501/14600^c6501/14600]
+pp+
[^C,13003/29200^C13003/29200^G13003/29200^c13003/29200]
[^C,6501/14600^C6501/14600^G6501/14600^c6501/14600]
[^C,2783/5840^C2783/5840^G2783/5840^c2783/5840]
+mp+
[^C,2627/5840^C2627/5840^G2627/5840^c2627/5840]
z1287/2920
[^C,317/730^C317/730^G317/730^c317/730]
z7119/14600
[^F,6501/14600^F6501/14600^c6501/14600^f6501/14600]
[=E,5201/5840=E5201/5840=B5201/5840=e5201/5840]
+pp+
[=B,2783/5840^F2783/5840=B2783/5840]
+mf+
[^C,13003/29200^C13003/29200^G13003/29200^c13003/29200]
+pp+
[^C,6501/14600^C6501/14600^G6501/14600^c6501/14600]
[^C,13003/29200^C13003/29200^G13003/29200^c13003/29200]
[^C,2783/5840^C2783/5840^G2783/5840^c2783/5840]
+mp+
[^C,6501/14600^C6501/14600^G6501/14600^c6501/14600]
+pp+
[^C,13003/29200^C13003/29200^G13003/29200^c13003/29200]
[^C,6501/14600^C6501/14600^G6501/14600^c6501/14600]
[^C,2783/5840^C2783/5840^G2783/5840^c2783/5840]
+mp+
[=B,2629/5840=E2629/5840=B2629/5840]
z643/1460
[=B,1269/2920=E1269/2920=B1269/2920]
z3557/7300
[=D,6501/14600=D6501/14600=A6501/14600=d6501/14600]
[=E,5201/5840=E5201/5840=B5201/5840=e5201/5840]
+pp+
[=B,2783/5840^F2783/5840=B2783/5840]
+mf+
[^C,13003/29200^C13003/29200^G13003/29200^c13003/29200]
+pp+
[^C,6501/14600^C6501/14600^G6501/14600^c6501/14600]
[^C,13003/29200^C13003/29200^G13003/29200^c13003/29200]
[^C,2783/5840^C2783/5840^G2783/5840^c2783/5840]
+mp+
[^C,6501/14600^C6501/14600^G6501/14600^c6501/14600]
+pp+
[^C,13003/29200^C13003/29200^G13003/29200^c13003/29200]
[^C,6501/14600^C6501/14600^G6501/14600^c6501/14600]
[^C,2783/5840^C2783/5840^G2783/5840^c2783/5840]
+mp+
[^C,2631/5840^C2631/5840^G2631/5840^c2631/5840]
z257/584
[^C,127/292^C127/292^G127/292^c127/292]
z7109/14600
[^F,6501/14600^F6501/14600^c6501/14600^f6501/14600]
[=E,5201/5840=E5201/5840=B5201/5840=e5201/5840]
+pp+
[=B,2783/5840^F2783/5840=B2783/5840]
+mf+
[^C,13003/29200^C13003/29200^G13003/29200^c13003/29200]
+pp+
[^C,6501/14600^C6501/14600^G6501/14600^c6501/14600]
[^C,13003/29200^C13003/29200^G13003/29200^c13003/29200]
[^C,2783/5840^C2783/5840^G2783/5840^c2783/5840]
+mp+
[^C,6501/14600^C6501/14600^G6501/14600^c6501/14600]
+pp+
[^C,13003/29200^C13003/29200^G13003/29200^c13003/29200]
[^C,6501/14600^C6501/14600^G6501/14600^c6501/14600]
[^C,2783/5840^C2783/5840^G2783/5840^c2783/5840]
+mp+
[=B,2633/5840=E2633/5840=B2633/5840]
z321/730
[=B,1271/2920=E1271/2920=B1271/2920]
z888/1825
[=D,6501/14600=D6501/14600=A6501/14600=d6501/14600]
[=E,5201/5840=E5201/5840=B5201/5840=e5201/5840]
+pp+
[=B,2783/5840^F2783/5840=B2783/5840]
+mp+
[^C,21169/2920^G,21169/2920^C21169/2920]
+mf+
[^C,13003/29200^C13003/29200^G13003/29200^c13003/29200]
+pp+
[^C,6501/14600^C6501/14600^G6501/14600^c6501/14600]
[^C,13003/29200^C13003/29200^G13003/29200^c13003/29200]
+mf+
[^C,2783/5840^C2783/5840^G2783/5840^c2783/5840]
+pp+
[^C,6501/14600^C6501/14600^G6501/14600^c6501/14600]
[^C,13003/29200^C13003/29200^G13003/29200^c13003/29200]
+mf+
[^C,6501/14600^C6501/14600^G6501/14600^c6501/14600]
+pp+
[^C,2783/5840^C2783/5840^G2783/5840^c2783/5840]
[^C,13003/29200^C13003/29200^G13003/29200^c13003/29200]
+mf+
[^C,6501/14600^C6501/14600^G6501/14600^c6501/14600]
+pp+
[^C,13003/29200^C13003/29200^G13003/29200^c13003/29200]
[^C,2783/5840^C2783/5840^G2783/5840^c2783/5840]
+mp+
[=E,5201/5840=E5201/5840=B5201/5840=e5201/5840]
[^D,26917/29200^D26917/29200^A26917/29200^d26917/29200]
+mf+
[^C5201/5840^c5201/5840]
[^D13459/14600^d13459/14600]
[=E5201/5840=e5201/5840]
[^F27337/29200^f27337/29200]
z5117/5840
+pp+
[^F13459/14600^c13459/14600^f13459/14600]
[^F5201/5840^c5201/5840^f5201/5840]
[^F26917/29200^c26917/29200^f26917/29200]
[^F21/16-^c21/16^f21/16]
[^F844/365^c844/365]
[^G5201/5840=e5201/5840^g5201/5840]
[^F13459/14600^c13459/14600^f13459/14600]
[^F5201/5840^c5201/5840^f5201/5840]
[=E26917/29200=B26917/29200=e26917/29200]
[^F4933/1825-^c4933/1825-^f4933/1825]
[^F6161/14600-^c6161/14600-^f6161/14600]
[^F2919/5840^c2919/5840^g2919/5840]
+mp+
[=A5201/5840=d5201/5840=a5201/5840]
+pp+
[^G13003/29200=d13003/29200^g13003/29200]
[^F26917/29200^c26917/29200^f26917/29200]
[^G13003/29200=d13003/29200^g13003/29200]
[^G499/365=d499/365^g499/365]
[^F2637/1168^c2637/1168^f2637/1168]
[^G6501/14600=d6501/14600^g6501/14600]
[=A2783/5840=e2783/5840=a2783/5840]
[=A5201/5840=e5201/5840=a5201/5840]
[^G13003/29200^d13003/29200^g13003/29200]
[^F26917/29200^c26917/29200^f26917/29200]
[^G13003/29200^d13003/29200^g13003/29200]
[=F499/365^c499/365=f499/365]
[^F39007/29200^c39007/29200^f39007/29200]
[^G5247/2920^c5247/2920^g5247/2920]
z2737/2920
[^F5201/5840^c5201/5840^f5201/5840]
[^F13459/14600^c13459/14600^f13459/14600]
[^F5201/5840^c5201/5840^f5201/5840]
[^F11/8-^c11/8^f11/8]
[^F13139/5840^c13139/5840]
[^G26917/29200=e26917/29200^g26917/29200]
[^F5201/5840^c5201/5840^f5201/5840]
[^F13459/14600^c13459/14600^f13459/14600]
[=E5201/5840=B5201/5840=e5201/5840]
[^F998/365-^c998/365-^f998/365]
[^F2647/5840-^c2647/5840-^f2647/5840]
[^F1277/2920^c1277/2920^g1277/2920]
+mp+
[=A26917/29200=d26917/29200=a26917/29200]
+pp+
[^G13003/29200=d13003/29200^g13003/29200]
[^F26917/29200^c26917/29200^f26917/29200]
[^G13003/29200=d13003/29200^g13003/29200]
[^G499/365=d499/365^g499/365]
[^F2637/1168^c2637/1168^f2637/1168]
[^G6501/14600=d6501/14600^g6501/14600]
[=A13003/29200=e13003/29200=a13003/29200]
[=A26917/29200=e26917/29200=a26917/29200]
[^G13003/29200^d13003/29200^g13003/29200]
[^F26917/29200^c26917/29200^f26917/29200]
[^G13003/29200^d13003/29200^g13003/29200]
[=F499/365^c499/365=f499/365]
[^F39007/29200^c39007/29200^f39007/29200]
[^G5251/2920^c5251/2920^g5251/2920]
z8
z8
z8
z146373/29200
+mf+
[=B,26917/29200^F26917/29200=B26917/29200]
[=B,5201/5840^F5201/5840=B5201/5840]
[=B,2783/5840^F2783/5840=B2783/5840]
[=B,13003/29200-^F13003/29200-=B13003/29200]
[=B,12547/29200-^F12547/29200-^c12547/29200]
[=B,6729/14600^F6729/14600=d6729/14600]
[^C15/16-^F15/16-^c15/16]
[^C2509/5840^F2509/5840=B2509/5840]
[=A,26917/29200-=E26917/29200-=A26917/29200]
[=A,13233/29200-=E13233/29200-=B13233/29200]
[=A,1031/1168=E1031/1168^c1031/1168]
[=B,26917/29200^F26917/29200=B26917/29200]
[=B,5201/5840^F5201/5840=B5201/5840]
[=B,2783/5840^F2783/5840=B2783/5840]
[=B,13003/29200-^F13003/29200-=B13003/29200]
[=B,12547/29200-^F12547/29200-^c12547/29200]
[=B,6729/14600^F6729/14600=d6729/14600]
[=E15/16-=A15/16-=e15/16]
[=E2509/5840=A2509/5840=d2509/5840]
[^C26917/29200-^F26917/29200-^c26917/29200]
[^C13233/29200-^F13233/29200-=d13233/29200]
[^C1031/1168^F1031/1168=B1031/1168]
[=B,26917/29200^F26917/29200=B26917/29200]
[=B,5201/5840^F5201/5840=B5201/5840]
[=B,2783/5840^F2783/5840=B2783/5840]
[=B,13003/29200-^F13003/29200-=B13003/29200]
[=B,12547/29200-^F12547/29200-^c12547/29200]
[=B,6729/14600^F6729/14600=d6729/14600]
[^C15/16-^F15/16-^c15/16]
[^C2509/5840^F2509/5840=B2509/5840]
[=A,26917/29200-=E26917/29200-=A26917/29200]
[=A,13233/29200-=E13233/29200-=B13233/29200]
[=A,1031/1168=E1031/1168^c1031/1168]
[=B,26917/29200^F26917/29200=B26917/29200]
[=B,5201/5840^F5201/5840=B5201/5840]
[=B,2783/5840^F2783/5840=B2783/5840]
[=B,13003/29200-^F13003/29200-=B13003/29200]
[=B,12547/29200-^F12547/29200-^c12547/29200]
[=B,6729/14600^F6729/14600=d6729/14600]
[=E15/16-=A15/16-=e15/16]
[=E2509/5840=A2509/5840=d2509/5840]
[^C26917/29200-^F26917/29200-^c26917/29200]
[^C13233/29200-^F13233/29200-=d13233/29200]
[^C1031/1168^F1031/1168=B1031/1168]
[^F29/8-^c29/8-^f29/8]
+mp+
[^F1323/365^c1323/365^a1323/365]
[^F,21169/2920^C21169/2920^F21169/2920]
[=E,21169/5840=B,21169/5840=E21169/5840]
[^F,21169/5840=B,21169/5840]
[=D21169/2920=A21169/2920=d21169/2920]
[^C,9891/14600^G,9891/14600^C9891/14600]
z10069/14600
[^C,5003/7300^G,5003/7300^C5003/7300]
z4977/7300
[^C,6471/14600^G,6471/14600^C6471/14600]
z13489/14600
[^C,18647/29200^G,18647/29200^C18647/29200]
z509/730
[^C,2863/5840^G,2863/5840^C2863/5840]
z12603/29200
[^C,12947/29200^G,12947/29200^C12947/29200]
z6529/14600
[^F,21169/2920^C21169/2920^F21169/2920]
[=E,21169/5840=B,21169/5840=E21169/5840]
[^F,998/365-=B,998/365-]
[^F,2647/5840-=B,2647/5840-^f2647/5840]
[^F,1277/2920=B,1277/2920^g1277/2920]
[=D,26917/29200-=A,26917/29200-=D26917/29200-=a26917/29200]
[=D,13003/29200-=A,13003/29200-=D13003/29200-^g13003/29200]
[=D,26917/29200-=A,26917/29200-=D26917/29200-^f26917/29200]
[=D,13003/29200-=A,13003/29200-=D13003/29200-^g13003/29200]
[=D,2647/5840-=A,2647/5840-=D2647/5840-^g2647/5840]
[=D,1277/2920=A,1277/2920=D1277/2920^f1277/2920]
[^f998/365]
[^g6501/14600]
[=a13003/29200]
[^C,11/16^G,11/16^C11/16=a11/16-]
[=a3421/14600]
[^g13003/29200]
[^C,11/16^G,11/16^C11/16^g11/16-]
[^g3421/14600]
[^f13003/29200]
[^C,7/16^G,7/16^C7/16=f7/16-]
[=f5429/5840]
[^C,5/8^G,5/8^C5/8=f5/8-]
[=f20757/29200]
[^C,/2^G,/2^C/2^g/2-]
[^g6159/14600-]
[^C,827/1825^G,827/1825^C827/1825^g827/1825-]
[^g1253/2920]
z679/730
+pp+
[^F5201/5840^c5201/5840^f5201/5840]
[^F13459/14600^c13459/14600^f13459/14600]
[^F5201/5840^c5201/5840^f5201/5840]
[^F11/8-^c11/8^f11/8]
[^F13139/5840^c13139/5840]
[^G26917/29200=e26917/29200^g26917/29200]
[^F5201/5840^c5201/5840^f5201/5840]
[^F13459/14600^c13459/14600^f13459/14600]
[=E5201/5840=B5201/5840=e5201/5840]
[^F998/365-^c998/365-^f998/365]
[^F2647/5840-^c2647/5840-^f2647/5840]
[^F1277/2920^c1277/2920^g1277/2920]
+mp+
[=A26917/29200=d26917/29200=a26917/29200]
+pp+
[^G13003/29200=d13003/29200^g13003/29200]
[^F5201/5840^c5201/5840^f5201/5840]
[^G2783/5840=d2783/5840^g2783/5840]
[^G39007/29200=d39007/29200^g39007/29200]
[^F33419/14600^c33419/14600^f33419/14600]
[^G6501/14600=d6501/14600^g6501/14600]
[=A13003/29200=e13003/29200=a13003/29200]
[=A26917/29200=e26917/29200=a26917/29200]
[^G13003/29200^d13003/29200^g13003/29200]
[^F5201/5840^c5201/5840^f5201/5840]
[^G2783/5840^d2783/5840^g2783/5840]
[=F39007/29200^c39007/29200=f39007/29200]
[^F499/365^c499/365^f499/365]
[^G659/365^c659/365^g659/365]
z339/365
[^F5201/5840^c5201/5840^f5201/5840]
[^F13459/14600^c13459/14600^f13459/14600]
[^F5201/5840^c5201/5840^f5201/5840]
[^F11/8-^c11/8^f11/8]
[^F13139/5840^c13139/5840]
[^G26917/29200=e26917/29200^g26917/29200]
[^F5201/5840^c5201/5840^f5201/5840]
[^F13459/14600^c13459/14600^f13459/14600]
[=E5201/5840=B5201/5840=e5201/5840]
[^F998/365-^c998/365-^f998/365]
[^F2647/5840-^c2647/5840-^f2647/5840]
[^F1277/2920^c1277/2920^g1277/2920]
+mp+
[=A26917/29200=d26917/29200=a26917/29200]
+pp+
[^G13003/29200=d13003/29200^g13003/29200]
[^F5201/5840^c5201/5840^f5201/5840]
[^G2783/5840=d2783/5840^g2783/5840]
[^G39007/29200=d39007/29200^g39007/29200]
[^F33419/14600^c33419/14600^f33419/14600]
[^G6501/14600=d6501/14600^g6501/14600]
[=A13003/29200=e13003/29200=a13003/29200]
[=A26917/29200=e26917/29200=a26917/29200]
[^G13003/29200^d13003/29200^g13003/29200]
[^F5201/5840^c5201/5840^f5201/5840]
[^G2783/5840^d2783/5840^g2783/5840]
[=F39007/29200^c39007/29200=f39007/29200]
[^F499/365^c499/365^f499/365]
[^G1319/730^c1319/730^g1319/730]
z8
z23/16

X:2
T:  Sirenia - The end of it all part 2/7 [flute] 4:22
Z: Transcribed with BruTE
L: 1/4
Q: 125
K: C
+ppp+
z9923/1825
+mp+
[^F6501/14600]
+mf+
[=G13003/29200]
[^G2783/5840]
[=B,6501/14600]
[^C92843/29200]
[^G6501/14600]
[^F5201/5840]
[=E13459/14600]
[^D6501/14600]
[^C13459/14600]
[=B,6511/14600]
z8
z88379/14600
[^G6501/14600]
[^F5201/5840]
[=E13459/14600]
[^D6501/14600]
[^C13459/14600]
[=B,13047/29200]
z8
z37947/5840
+mp+
[=e92843/29200]
[^d6501/14600]
[=e499/365]
[^d13003/29200]
[^c499/365]
[^d6501/14600]
[^c21169/5840]
[=B5201/5840]
[=B13459/14600]
+pp+
[^c53007/29200]
z8
z8
z8
z5835/1168
+mp+
[^G21169/5840]
[^G52923/29200]
+mf+
[=E499/365]
[^F6501/14600]
[^D52923/29200]
[^C26461/14600]
[^F52923/29200]
[^F6501/14600]
[=E2729/2920]
z1263/2920
+mp+
[^G92843/29200]
+mf+
[^G1209/5840]
[=A6957/29200]
+mp+
[^G499/365]
+mf+
[^G1209/5840]
[=A3479/14600]
+mp+
[^G5201/5840]
+mf+
[^c26917/29200]
[^c92843/29200]
[=e6501/14600]
[^d13003/29200]
[^c6501/14600]
[=B2861/5840]
z12613/29200
[^G53087/29200]
z8
z8
z35197/7300
[^F2783/5840]
[^G6501/14600]
[=A5201/5840]
[^G2783/5840]
[^F5201/5840]
[^G13003/29200]
[^G499/365]
[^F2637/1168]
[^G2783/5840]
[=A6501/14600]
[=A5201/5840]
[^G2783/5840]
[^F5201/5840]
[^G13003/29200]
[=F499/365]
[^F499/365]
[^G53137/29200]
z8
z20331/3650
[^F6501/14600]
[^G2783/5840]
[=A5201/5840]
[^G13003/29200]
[^F26917/29200]
[^G13003/29200]
[^G499/365]
[^F2637/1168]
[^G6501/14600]
[=A2783/5840]
[=A5201/5840]
[^G13003/29200]
[^F26917/29200]
[^G13003/29200]
[=F499/365]
[^F499/365]
[^G53177/29200]
z8
z8
z8
z29141/5840
+mp+
[=e9193/2920]
[^d2783/5840]
[=e2438/1825]
[^d2783/5840]
[^c39007/29200]
[^d2783/5840]
[^c21169/5840]
[=B5201/5840]
[=B13459/14600]
+pp+
[^c53237/29200]
z8
z8
z8
z29129/5840
+mp+
[^G21169/5840]
[^G52923/29200]
+mf+
[=E39007/29200]
[^F2783/5840]
[^D52923/29200]
[^C26461/14600]
[^F52923/29200]
[^F6501/14600]
[=E5139/5840]
z569/1168
+mp+
[^G9193/2920]
+mf+
[^G3479/14600]
[=A6957/29200]
+mp+
[^G2438/1825]
+mf+
[^G6957/29200]
[=A3479/14600]
+mp+
[^G5201/5840]
+mf+
[^c26917/29200]
[^c9193/2920]
[=e2783/5840]
[^d13003/29200]
[^c6501/14600]
[=B1271/2920]
z888/1825
[^G53317/29200]
z8
z136463/29200
+f+
[=E5201/5840]
[^D26917/29200]
+mp+
[^C5201/5840]
[^D13459/14600]
[=E5201/5840]
[^F27337/29200]
z8
z162443/29200
+mf+
[^F6501/14600]
[^G2783/5840]
[=A5201/5840]
[^G13003/29200]
[^F26917/29200]
[^G13003/29200]
[^G499/365]
[^F2637/1168]
[^G6501/14600]
[=A2783/5840]
[=A5201/5840]
[^G13003/29200]
[^F26917/29200]
[^G13003/29200]
[=F499/365]
[^F39007/29200]
[^G5247/2920]
z8
z41057/7300
[^F6501/14600]
[^G13003/29200]
[=A26917/29200]
[^G13003/29200]
[^F26917/29200]
[^G13003/29200]
[^G499/365]
[^F2637/1168]
[^G6501/14600]
[=A13003/29200]
[=A26917/29200]
[^G13003/29200]
[^F26917/29200]
[^G13003/29200]
[=F499/365]
[^F39007/29200]
[^G5251/2920]
z8
z8
z8
z146373/29200
+mp+
[=B,26917/29200]
[=B,5201/5840]
[=B,2783/5840]
[=B,13003/29200]
[^C6501/14600]
[=D13003/29200]
[^C26917/29200]
[=B,13003/29200]
[=A,26917/29200]
[=B,13003/29200]
[^C5201/5840]
[=B,26917/29200]
[=B,5201/5840]
[=B,2783/5840]
[=B,13003/29200]
[^C6501/14600]
[=D13003/29200]
[=E26917/29200]
[=D13003/29200]
[^C26917/29200]
[=D13003/29200]
[=B,5201/5840]
[=B,26917/29200]
[=B,5201/5840]
[=B,2783/5840]
[=B,13003/29200]
[^C6501/14600]
[=D13003/29200]
[^C26917/29200]
[=B,13003/29200]
[=A,26917/29200]
[=B,13003/29200]
[^C5201/5840]
[=B,26917/29200]
[=B,5201/5840]
[=B,2783/5840]
[=B,13003/29200]
[^C6501/14600]
[=D13003/29200]
[=E26917/29200]
[=D13003/29200]
[^C26917/29200]
[=D13003/29200]
[=B,5201/5840]
[^F2471/14600]
[=E403/2920]
[^F4943/29200]
[=E403/2920]
[^F403/2920]
[=E2471/14600]
[^F403/2920]
[=E4943/29200]
[^F403/2920]
[=E2471/14600]
[^F403/2920]
[=E403/2920]
[^F4943/29200]
[=E403/2920]
[^F2471/14600]
[=E403/2920]
[^F403/2920]
[=E4943/29200]
[^F403/2920]
[=E2471/14600]
[^F403/2920]
[=E4943/29200]
[^F403/2920]
[=E403/2920]
[^F2471/14600]
[=E403/2920]
[^F4943/29200]
[=E403/2920]
[^F403/2920]
[=E2471/14600]
[^F403/2920]
[=E4943/29200]
[^F403/2920]
[=E2471/14600]
[^F403/2920]
[=E403/2920]
[^F4943/29200]
[=E403/2920]
[^F2471/14600]
[=E403/2920]
[^F403/2920]
[=E4943/29200]
[^F403/2920]
[=E2471/14600]
[^F403/2920]
[=E4943/29200]
[^F403/2920]
[=E3707/29200]
z8
z82049/14600
+mf+
[^F6501/14600]
[^G13003/29200]
[=A26917/29200]
[^G13003/29200]
[^F26917/29200]
[^G13003/29200]
[^G499/365]
[^F2637/1168]
[^G6501/14600]
[=A13003/29200]
[=A26917/29200]
[=A13003/29200]
[^G26917/29200]
[^G13003/29200]
[=A5201/5840]
[=A2783/5840]
[=B9859/3650]
z8
z176833/29200
[^F6501/14600]
[^G13003/29200]
[=A26917/29200]
[^G13003/29200]
[^F26917/29200]
[^G13003/29200]
[^G499/365]
[^F2637/1168]
[^G6501/14600]
[=A13003/29200]
[=A26917/29200]
[^G13003/29200]
[^F26917/29200]
[^G13003/29200]
[=F499/365]
[^F39007/29200]
[^G1317/730]
z8
z82009/14600
[^F6501/14600]
[^G13003/29200]
[=A26917/29200]
[^G13003/29200]
[^F5201/5840]
[^G2783/5840]
[^G39007/29200]
[^F33419/14600]
[^G6501/14600]
[=A13003/29200]
[=A26917/29200]
[^G13003/29200]
[^F5201/5840]
[^G2783/5840]
[=F39007/29200]
[^F499/365]
[^G659/365]
z8
z81989/14600
[^F6501/14600]
[^G13003/29200]
[=A26917/29200]
[^G13003/29200]
[^F5201/5840]
[^G2783/5840]
[^G39007/29200]
[^F33419/14600]
[^G6501/14600]
[=A13003/29200]
[=A26917/29200]
[^G13003/29200]
[^F5201/5840]
[^G2783/5840]
[=F39007/29200]
[^F499/365]
[^G1319/730]
z8
z23/16

X:3
T:  Sirenia - The end of it all part 3/7 [bagpipes] 4:22
Z: Transcribed with BruTE
L: 1/4
Q: 125
K: C
+ppp+
z8
z467/100
+f+
[^F6337/14600]
+fff+
[=E27987/29200]
z643/1825
[^C92251/29200-]
[^G,/8-^C/8]
[^G,8119/29200-]
[^G,/8^C/8-]
[^C2344/1825-]
[^G,/8-^C/8]
[^G,8119/29200-]
[^G,/8^C/8-]
[^C9273/7300-]
[^C/8^D/8-]
[^D30/73]
[=E18733/5840]
[^G12509/29200]
[^F6419/7300]
[=E2427/2920-]
[^D/8-=E/8]
[^D853/2920-]
[^C/8-^D/8]
[^C27827/29200]
z116113/29200
[^C92251/29200-]
[^G,/8-^C/8]
[^G,8119/29200-]
[^G,/8^C/8-]
[^C2344/1825-]
[^G,/8-^C/8]
[^G,8119/29200-]
[^G,/8^C/8-]
[^C9273/7300-]
[^C/8^D/8-]
[^D30/73]
[=E18733/5840]
[^G12509/29200]
[^F6419/7300]
[=E2427/2920-]
[^D/8-=E/8]
[^D853/2920-]
[^C/8-^D/8]
[^C6963/7300]
z10243/29200
[^C92251/29200-^c92251/29200-=e92251/29200-]
[^G,/8-^C/8=B/8-^c/8^d/8-=e/8]
[^G,8119/29200-=B8119/29200-^d8119/29200-]
[^G,/8^C/8-=B/8^c/8-^d/8=e/8-]
[^C2344/1825-^c2344/1825-=e2344/1825-]
[^G,/8-^C/8=B/8-^c/8^d/8-=e/8]
[^G,8119/29200-=B8119/29200-^d8119/29200-]
[^G,/8^C/8-^G/8-=B/8^c/8-^d/8]
[^C9273/7300-^G9273/7300-^c9273/7300-]
[^C/8^D/8-^G/8=B/8-^c/8^d/8-]
[^D30/73=B30/73^d30/73]
[=E51/16^G51/16-^c51/16-]
+mf+
[^G13181/29200^c13181/29200]
+fff+
[=B,5201/5840^F5201/5840-=B5201/5840-]
[=B,23037/29200-^F23037/29200-=B23037/29200-]
[=B,/8^C/8-^F/8=B/8]
[^C53649/29200]
z158189/29200
+mf+
[^F6337/14600]
[=E14031/14600]
z16857/2920
+f+
[=D7529/14600]
+mf+
[=E3509/3650]
z10684/1825
[^F6337/14600]
[=E14041/14600]
z3371/584
+f+
[=D7529/14600]
+mf+
[=E7023/7300]
z42731/7300
[^F6337/14600]
[=E14051/14600]
z16853/2920
+f+
[=D7529/14600]
+mf+
[=E1757/1825]
z21363/3650
[^F6337/14600]
[=E14061/14600]
z16851/2920
+f+
[=D7529/14600]
+mf+
[=E7033/7300]
z10143/29200
+f+
[^C,22707/29200^C22707/29200]
z19269/29200
[=B,1191/1825]
z20363/29200
+mf+
[=A,27087/29200]
z11599/29200
+f+
[^G,28551/29200]
z8129/3650
+mf+
[^F13096/1825-]
+f+
[=E/8-^F/8]
[=E104431/29200]
[=B,51689/14600-]
[=B,/8=D/8-=A/8-]
[=D103313/14600-=A103313/14600-]
[^C/8-=D/8^G/8-=A/8]
[^C211839/29200^G211839/29200]
+mf+
[^F13096/1825-]
+f+
[=E/8-^F/8]
[=E104431/29200]
[=B,51689/14600-]
[=B,/8=D/8-=A/8-]
[=D103313/14600-=A103313/14600-]
[^C/8-=D/8^G/8-=A/8]
[^C5201/730^G5201/730-]
+fff+
[^C/8-^G/8]
[^C91339/29200]
[^G,1357/3650-]
[^G,/8^C/8-]
[^C2401/1825]
[^G,10857/29200-]
[^G,/8^C/8-]
[^C1809/1460-]
[^C/8^D/8-]
[^D11087/29200-]
[^D/8=E/8-]
[=E90927/29200]
[^G6711/14600]
[^F6419/7300]
[=E2427/2920-]
[^D/8-=E/8]
[^D853/2920-]
[^C/8-^D/8]
[^C26237/29200]
z5929/14600
[^C23291/7300]
[^G,12681/29200-]
[^G,/8^C/8-]
[^C36591/29200]
[^G,6341/14600-]
[^G,/8^C/8-]
[^C6871/5840-]
[^C/8^D/8-]
[^D11087/29200-]
[^D/8=E/8-]
[=E90927/29200]
[^G6711/14600]
[^F6419/7300]
[=E2427/2920-]
[^D/8-=E/8]
[^D853/2920-]
[^C/8-^D/8]
[^C26257/29200]
z5919/14600
[^C23291/7300^c23291/7300=e23291/7300]
[^G,12681/29200-=B12681/29200-^d12681/29200-]
[^G,/8^C/8-=B/8^c/8-^d/8=e/8-]
[^C36591/29200^c36591/29200=e36591/29200]
[^G,6341/14600-=B6341/14600-^d6341/14600-]
[^G,/8^C/8-^G/8-=B/8^c/8-^d/8]
[^C6871/5840-^G6871/5840-^c6871/5840-]
[^C/8^D/8-^G/8=B/8-^c/8^d/8-]
[^D11087/29200-=B11087/29200-^d11087/29200-]
[^D/8=E/8-^G/8-=B/8^c/8-^d/8]
[=E25/8^G25/8-^c25/8-]
+mf+
[^G13181/29200^c13181/29200]
+fff+
[=B,5201/5840^F5201/5840-=B5201/5840-]
[=B,12431/14600-^F12431/14600-=B12431/14600-]
[=B,/8^C/8-^F/8=B/8]
[^C26027/14600]
z8
z8
z8
z92229/29200
+mf+
[^F10849/29200-]
[=E/8-^F/8]
[=E1542/1825]
z5889/14600
[^C7093/7300]
z24551/29200
[^C14187/14600]
z6137/7300
